/***************************************************************************

***************************************************************************/
#include "mrfft.h"
#include "hls_stream.h"
#include <cmath>
#include "hls_math.h"
#include "hls_task.h"

#define sin_pi_5 0.58778525229
#define sin_2pi_5 0.95105651629
#define root5_4 0.55901699437
#define sin_pi_5_over_sin_2pi_5 0.61803398875
#define pi 3.14159265359


#define fft2_stages 6
#define fft5_stages 3
//#define VEC 4           // Vector size; i.e. the total number of indexes processed per cycle
#define LATENCY 64 // Latency of the DataTypeing-point reduction loop based on the vector size VEC, and a target operating frequency of 100 MHz
//#define SIZE (LATENCY * VEC * 500)
#define SIZE 125
#define half_len 62
//0.9951846599578857421875 ap_fixed<32,10,AP_RND_CONV>
//0.995184719562530517578125
DataType cosines[FFT_LENGTH1]={1,0.995184719562530517578125,0.98078525066375732421875,0.956940352916717529296875,0.92387950420379638671875,0.881921231746673583984375,0.831469595432281494140625,0.773010432720184326171875,0.707106769084930419921875,0.634393274784088134765625,0.555570185184478759765625,0.4713966548442840576171875,0.3826834261417388916015625,0.290284633636474609375,0.195090234279632568359375,0.098017133772373199462890625,-4.371138828673792886547744274139404296875e-08,-0.098017223179340362548828125,-0.1950903236865997314453125,-0.2902847230434417724609375,-0.3826835155487060546875,-0.4713968336582183837890625,-0.5555703639984130859375,-0.634393274784088134765625,-0.707106769084930419921875,-0.7730104923248291015625,-0.83146965503692626953125,-0.881921350955963134765625,-0.9238796234130859375,-0.956940352916717529296875,-0.980785310268402099609375,-0.995184719562530517578125,-1,-0.995184719562530517578125,-0.98078525066375732421875,-0.95694029331207275390625,-0.92387950420379638671875,-0.881921231746673583984375,-0.83146953582763671875,-0.77301037311553955078125,-0.707106649875640869140625,-0.63439333438873291015625,-0.55557000637054443359375,-0.4713966846466064453125,-0.3826831281185150146484375,-0.2902845442295074462890625,-0.1950903832912445068359375,-0.09801693260669708251953125,1.19248806385030547971837222576141357421875e-08,0.098017431795597076416015625,0.19509041309356689453125,0.2902850210666656494140625,0.3826836049556732177734375,0.4713967144489288330078125,0.555570423603057861328125,0.63439333438873291015625,0.707107007503509521484375,0.773010551929473876953125,0.831469595432281494140625,0.881921350955963134765625,0.923879563808441162109375,0.9569404125213623046875,0.980785310268402099609375,0.99518477916717529296875};
DataType sines[FFT_LENGTH1]={-0,-0.09801714122295379638671875,-0.1950903236865997314453125,-0.290284693241119384765625,-0.382683455944061279296875,-0.471396744251251220703125,-0.55557024478912353515625,-0.63439333438873291015625,-0.707106769084930419921875,-0.773010432720184326171875,-0.83146965503692626953125,-0.881921291351318359375,-0.92387950420379638671875,-0.956940352916717529296875,-0.980785310268402099609375,-0.995184719562530517578125,-1,-0.995184719562530517578125,-0.98078525066375732421875,-0.95694029331207275390625,-0.92387950420379638671875,-0.881921231746673583984375,-0.83146953582763671875,-0.7730104923248291015625,-0.707106769084930419921875,-0.634393274784088134765625,-0.555570185184478759765625,-0.471396625041961669921875,-0.382683277130126953125,-0.2902847230434417724609375,-0.19509030878543853759765625,-0.09801709651947021484375,8.74227765734758577309548854827880859375e-08,0.098017267882823944091796875,0.19509048759937286376953125,0.2902848720550537109375,0.3826834261417388916015625,0.4713967740535736083984375,0.555570304393768310546875,0.634393393993377685546875,0.707106888294219970703125,0.773010432720184326171875,0.8314697742462158203125,0.881921291351318359375,0.923879683017730712890625,0.956940352916717529296875,0.98078525066375732421875,0.995184719562530517578125,1,0.995184719562530517578125,0.98078525066375732421875,0.956940233707427978515625,0.923879444599151611328125,0.881921291351318359375,0.831469476222991943359375,0.773010432720184326171875,0.707106530666351318359375,0.634393155574798583984375,0.555570304393768310546875,0.4713965356349945068359375,0.3826834261417388916015625,0.2902843952178955078125,0.195090234279632568359375,0.0980167686939239501953125};

DataType cos_scale[FFT_LENGTH2][FFT_LENGTH1]={{1,1,1,1,1,1,1,1,1,1,1,1,1,1,1,1,1,1,1,1,1,1,1,1,1,1,1,1,1,1,1,1,1,1,1,1,1,1,1,1,1,1,1,1,1,1,1,1,1,1,1,1,1,1,1,1,1,1,1,1,1,1,1,1},{1,0.999999701976776123046875,0.999998748302459716796875,0.999997198581695556640625,0.999995052814483642578125,0.999992311000823974609375,0.99998891353607177734375,0.99998486042022705078125,0.999980270862579345703125,0.999975025653839111328125,0.999969184398651123046875,0.99996268749237060546875,0.999955594539642333984375,0.99994790554046630859375,0.99993956089019775390625,0.9999306201934814453125,0.999921023845672607421875,0.999910891056060791015625,0.999900043010711669921875,0.9998886585235595703125,0.99987661838531494140625,0.99986398220062255859375,0.999850749969482421875,0.999836862087249755859375,0.9998223781585693359375,0.99980723857879638671875,0.99979150295257568359375,0.9997751712799072265625,0.999758183956146240234375,0.9997406005859375,0.999722421169281005859375,0.9997036457061767578125,0.99968421459197998046875,0.999664127826690673828125,0.999643504619598388671875,0.99962222576141357421875,0.99960029125213623046875,0.999577820301055908203125,0.999554693698883056640625,0.99953091144561767578125,0.999506533145904541015625,0.99948155879974365234375,0.999455988407135009765625,0.999429762363433837890625,0.999402940273284912109375,0.999375522136688232421875,0.9993474483489990234375,0.999318778514862060546875,0.999289453029632568359375,0.99925959110260009765625,0.999229013919830322265625,0.999197900295257568359375,0.99916613101959228515625,0.999133765697479248046875,0.999100744724273681640625,0.99906718730926513671875,0.999032914638519287109375,0.998998105525970458984375,0.9989626407623291015625,0.998926579952239990234375,0.998889863491058349609375,0.998852550983428955078125,0.998814642429351806640625,0.998776137828826904296875},{1,0.999998748302459716796875,0.999995052814483642578125,0.99998891353607177734375,0.999980270862579345703125,0.999969184398651123046875,0.999955594539642333984375,0.99993956089019775390625,0.999921023845672607421875,0.999900043010711669921875,0.99987661838531494140625,0.999850749969482421875,0.9998223781585693359375,0.99979150295257568359375,0.999758183956146240234375,0.999722421169281005859375,0.99968421459197998046875,0.999643504619598388671875,0.99960029125213623046875,0.999554693698883056640625,0.999506533145904541015625,0.999455988407135009765625,0.999402940273284912109375,0.9993474483489990234375,0.999289453029632568359375,0.999229013919830322265625,0.99916613101959228515625,0.999100744724273681640625,0.999032914638519287109375,0.9989626407623291015625,0.998889863491058349609375,0.998814642429351806640625,0.99873697757720947265625,0.998656809329986572265625,0.998574197292327880859375,0.998489081859588623046875,0.99840152263641357421875,0.998311519622802734375,0.998219072818756103515625,0.99812412261962890625,0.99802672863006591796875,0.997926890850067138671875,0.99782454967498779296875,0.99771976470947265625,0.997612476348876953125,0.997502803802490234375,0.99739062786102294921875,0.997276008129119873046875,0.99715888500213623046875,0.997039318084716796875,0.996917307376861572265625,0.996792852878570556640625,0.99666595458984375,0.996536552906036376953125,0.996404707431793212890625,0.996270358562469482421875,0.996133625507354736328125,0.995994389057159423828125,0.9958527088165283203125,0.99570858478546142578125,0.99556195735931396484375,0.995412886142730712890625,0.9952614307403564453125,0.9951074123382568359375},{1,0.999997198581695556640625,0.99998891353607177734375,0.999975025653839111328125,0.999955594539642333984375,0.9999306201934814453125,0.999900043010711669921875,0.99986398220062255859375,0.9998223781585693359375,0.9997751712799072265625,0.999722421169281005859375,0.999664127826690673828125,0.99960029125213623046875,0.99953091144561767578125,0.999455988407135009765625,0.999375522136688232421875,0.999289453029632568359375,0.999197900295257568359375,0.999100744724273681640625,0.998998105525970458984375,0.998889863491058349609375,0.998776137828826904296875,0.998656809329986572265625,0.99853193759918212890625,0.99840152263641357421875,0.99826562404632568359375,0.99812412261962890625,0.997977077960968017578125,0.99782454967498779296875,0.997666418552398681640625,0.997502803802490234375,0.99733364582061767578125,0.99715888500213623046875,0.99697864055633544921875,0.996792852878570556640625,0.996601521968841552734375,0.996404707431793212890625,0.996202290058135986328125,0.995994389057159423828125,0.99578094482421875,0.99556195735931396484375,0.99533748626708984375,0.9951074123382568359375,0.994871914386749267578125,0.9946308135986328125,0.994384229183197021484375,0.994132101535797119140625,0.993874490261077880859375,0.99361133575439453125,0.9933426380157470703125,0.9930684566497802734375,0.992788732051849365234375,0.99250352382659912109375,0.992212831974029541015625,0.991916596889495849609375,0.991614878177642822265625,0.99130761623382568359375,0.990994870662689208984375,0.9906766414642333984375,0.990352928638458251953125,0.990023672580718994140625,0.989688932895660400390625,0.989348709583282470703125,0.9890029430389404296875},{1,0.999995052814483642578125,0.999980270862579345703125,0.999955594539642333984375,0.999921023845672607421875,0.99987661838531494140625,0.9998223781585693359375,0.999758183956146240234375,0.99968421459197998046875,0.99960029125213623046875,0.999506533145904541015625,0.999402940273284912109375,0.999289453029632568359375,0.99916613101959228515625,0.999032914638519287109375,0.998889863491058349609375,0.99873697757720947265625,0.998574197292327880859375,0.99840152263641357421875,0.998219072818756103515625,0.99802672863006591796875,0.99782454967498779296875,0.997612476348876953125,0.99739062786102294921875,0.99715888500213623046875,0.996917307376861572265625,0.99666595458984375,0.996404707431793212890625,0.996133625507354736328125,0.9958527088165283203125,0.99556195735931396484375,0.9952614307403564453125,0.9949510097503662109375,0.9946308135986328125,0.994300782680511474609375,0.99396097660064697265625,0.99361133575439453125,0.993251860141754150390625,0.99288260936737060546875,0.99250352382659912109375,0.992114722728729248046875,0.991716086864471435546875,0.99130761623382568359375,0.99088943004608154296875,0.990461409091949462890625,0.990023672580718994140625,0.9895761013031005859375,0.9891188144683837890625,0.988651752471923828125,0.988174915313720703125,0.987688362598419189453125,0.98719203472137451171875,0.986685931682586669921875,0.986170113086700439453125,0.9856445789337158203125,0.9851093292236328125,0.984564304351806640625,0.98400962352752685546875,0.983445227146148681640625,0.98287105560302734375,0.982287228107452392578125,0.981693744659423828125,0.981090545654296875,0.980477631092071533203125},{1,0.999992311000823974609375,0.999969184398651123046875,0.9999306201934814453125,0.99987661838531494140625,0.99980723857879638671875,0.999722421169281005859375,0.99962222576141357421875,0.999506533145904541015625,0.999375522136688232421875,0.999229013919830322265625,0.99906718730926513671875,0.998889863491058349609375,0.99869716167449951171875,0.998489081859588623046875,0.99826562404632568359375,0.99802672863006591796875,0.9977724552154541015625,0.997502803802490234375,0.99721777439117431640625,0.996917307376861572265625,0.996601521968841552734375,0.996270358562469482421875,0.99592387676239013671875,0.99556195735931396484375,0.995184719562530517578125,0.994792163372039794921875,0.994384229183197021484375,0.99396097660064697265625,0.993522346019744873046875,0.9930684566497802734375,0.9925992488861083984375,0.992114722728729248046875,0.991614878177642822265625,0.991099774837493896484375,0.9905693531036376953125,0.990023672580718994140625,0.98946273326873779296875,0.98888647556304931640625,0.988295018672943115234375,0.987688362598419189453125,0.98706638813018798828125,0.986429274082183837890625,0.9857769012451171875,0.9851093292236328125,0.984426558017730712890625,0.9837286472320556640625,0.983015537261962890625,0.982287228107452392578125,0.981543838977813720703125,0.98078525066375732421875,0.98001158237457275390625,0.979222834110260009765625,0.978418886661529541015625,0.977599918842315673828125,0.9767658710479736328125,0.97591674327850341796875,0.9750525951385498046875,0.974173367023468017578125,0.973279178142547607421875,0.9723699092864990234375,0.97144567966461181640625,0.970506489276885986328125,0.9695522785186767578125},{1,0.99998891353607177734375,0.999955594539642333984375,0.999900043010711669921875,0.9998223781585693359375,0.999722421169281005859375,0.99960029125213623046875,0.999455988407135009765625,0.999289453029632568359375,0.999100744724273681640625,0.998889863491058349609375,0.998656809329986572265625,0.99840152263641357421875,0.99812412261962890625,0.99782454967498779296875,0.997502803802490234375,0.99715888500213623046875,0.996792852878570556640625,0.996404707431793212890625,0.995994389057159423828125,0.99556195735931396484375,0.9951074123382568359375,0.9946308135986328125,0.994132101535797119140625,0.99361133575439453125,0.9930684566497802734375,0.99250352382659912109375,0.991916596889495849609375,0.99130761623382568359375,0.9906766414642333984375,0.990023672580718994140625,0.989348709583282470703125,0.988651752471923828125,0.987932860851287841796875,0.98719203472137451171875,0.986429274082183837890625,0.9856445789337158203125,0.984838068485260009765625,0.98400962352752685546875,0.983159363269805908203125,0.982287228107452392578125,0.981393337249755859375,0.980477631092071533203125,0.979540169239044189453125,0.978580892086029052734375,0.977599918842315673828125,0.976597249507904052734375,0.975572884082794189453125,0.974526882171630859375,0.973459184169769287109375,0.9723699092864990234375,0.971259057521820068359375,0.970126628875732421875,0.968972623348236083984375,0.967797100543975830078125,0.966600120067596435546875,0.965381622314453125,0.96414172649383544921875,0.962880432605743408203125,0.961597740650177001953125,0.960293710231781005859375,0.958968341350555419921875,0.957621634006500244140625,0.956253707408905029296875},{1,0.99998486042022705078125,0.99993956089019775390625,0.99986398220062255859375,0.999758183956146240234375,0.99962222576141357421875,0.999455988407135009765625,0.99925959110260009765625,0.999032914638519287109375,0.998776137828826904296875,0.998489081859588623046875,0.99817192554473876953125,0.99782454967498779296875,0.99744701385498046875,0.997039318084716796875,0.996601521968841552734375,0.996133625507354736328125,0.995635569095611572265625,0.9951074123382568359375,0.994549214839935302734375,0.99396097660064697265625,0.9933426380157470703125,0.992694318294525146484375,0.99201595783233642578125,0.99130761623382568359375,0.9905693531036376953125,0.989801108837127685546875,0.9890029430389404296875,0.988174915313720703125,0.987317025661468505859375,0.986429274082183837890625,0.98551166057586669921875,0.984564304351806640625,0.983587205410003662109375,0.982580363750457763671875,0.981543838977813720703125,0.980477631092071533203125,0.9793817996978759765625,0.97825634479522705078125,0.97710132598876953125,0.97591674327850341796875,0.97470271587371826171875,0.973459184169769287109375,0.972186267375946044921875,0.97088396549224853515625,0.9695522785186767578125,0.968191325664520263671875,0.966801106929779052734375,0.965381622314453125,0.96393299102783203125,0.962455213069915771484375,0.960948407649993896484375,0.95941245555877685546875,0.957847535610198974609375,0.956253707408905029296875,0.95463097095489501953125,0.9529793262481689453125,0.951298892498016357421875,0.94958972930908203125,0.9478518962860107421875,0.94608533382415771484375,0.944290220737457275390625,0.942466557025909423828125,0.9406144618988037109375},{1,0.999980270862579345703125,0.999921023845672607421875,0.9998223781585693359375,0.99968421459197998046875,0.999506533145904541015625,0.999289453029632568359375,0.999032914638519287109375,0.99873697757720947265625,0.99840152263641357421875,0.99802672863006591796875,0.997612476348876953125,0.99715888500213623046875,0.99666595458984375,0.996133625507354736328125,0.99556195735931396484375,0.9949510097503662109375,0.994300782680511474609375,0.99361133575439453125,0.99288260936737060546875,0.992114722728729248046875,0.99130761623382568359375,0.990461409091949462890625,0.9895761013031005859375,0.988651752471923828125,0.987688362598419189453125,0.986685931682586669921875,0.9856445789337158203125,0.984564304351806640625,0.983445227146148681640625,0.982287228107452392578125,0.981090545654296875,0.979855060577392578125,0.978580892086029052734375,0.97726809978485107421875,0.97591674327850341796875,0.974526882171630859375,0.9730985164642333984375,0.971631705760955810546875,0.970126569271087646484375,0.968583166599273681640625,0.967001497745513916015625,0.965381622314453125,0.963723659515380859375,0.96202766895294189453125,0.960293710231781005859375,0.958521783351898193359375,0.956712067127227783203125,0.954864561557769775390625,0.9529793262481689453125,0.951056540012359619140625,0.949096143245697021484375,0.947098314762115478515625,0.945063054561614990234375,0.9429905414581298828125,0.94088077545166015625,0.938733875751495361328125,0.9365499019622802734375,0.934328973293304443359375,0.93207108974456787109375,0.929776489734649658203125,0.9274451732635498046875,0.9250771999359130859375,0.922672748565673828125},{1,0.999975025653839111328125,0.999900043010711669921875,0.9997751712799072265625,0.99960029125213623046875,0.999375522136688232421875,0.999100744724273681640625,0.998776137828826904296875,0.99840152263641357421875,0.997977077960968017578125,0.997502803802490234375,0.99697864055633544921875,0.996404707431793212890625,0.99578094482421875,0.9951074123382568359375,0.994384229183197021484375,0.99361133575439453125,0.992788732051849365234375,0.991916596889495849609375,0.990994870662689208984375,0.990023672580718994140625,0.9890029430389404296875,0.987932860851287841796875,0.986813366413116455078125,0.9856445789337158203125,0.984426558017730712890625,0.983159363269805908203125,0.98184299468994140625,0.980477631092071533203125,0.979063212871551513671875,0.977599918842315673828125,0.9760878086090087890625,0.974526882171630859375,0.972917258739471435546875,0.971259057521820068359375,0.9695522785186767578125,0.967797100543975830078125,0.96599352359771728515625,0.96414172649383544921875,0.96224176883697509765625,0.960293710231781005859375,0.958297669887542724609375,0.956253707408905029296875,0.95416200160980224609375,0.952022612094879150390625,0.94983565807342529296875,0.947601258754730224609375,0.94531953334808349609375,0.9429905414581298828125,0.9406144618988037109375,0.938191354274749755859375,0.935721337795257568359375,0.93320465087890625,0.93064129352569580078125,0.928031444549560546875,0.9253752231597900390625,0.922672748565673828125,0.919924199581146240234375,0.91712963581085205078125,0.914289295673370361328125,0.911403238773345947265625,0.90847170352935791015625,0.905494749546051025390625,0.902472555637359619140625},{1,0.999969184398651123046875,0.99987661838531494140625,0.999722421169281005859375,0.999506533145904541015625,0.999229013919830322265625,0.998889863491058349609375,0.998489081859588623046875,0.99802672863006591796875,0.997502803802490234375,0.996917307376861572265625,0.996270358562469482421875,0.99556195735931396484375,0.994792163372039794921875,0.99396097660064697265625,0.9930684566497802734375,0.992114722728729248046875,0.991099774837493896484375,0.990023672580718994140625,0.98888647556304931640625,0.987688362598419189453125,0.986429274082183837890625,0.9851093292236328125,0.9837286472320556640625,0.982287228107452392578125,0.98078525066375732421875,0.979222834110260009765625,0.977599918842315673828125,0.97591674327850341796875,0.974173367023468017578125,0.9723699092864990234375,0.970506489276885986328125,0.968583166599273681640625,0.966600120067596435546875,0.9645574092864990234375,0.962455213069915771484375,0.960293710231781005859375,0.9580729007720947265625,0.95579302310943603515625,0.953454196453094482421875,0.951056540012359619140625,0.94860017299652099609375,0.94608533382415771484375,0.943512141704559326171875,0.94088077545166015625,0.938191354274749755859375,0.93544399738311767578125,0.93263900279998779296875,0.929776489734649658203125,0.926856577396392822265625,0.92387950420379638671875,0.920845448970794677734375,0.917754590511322021484375,0.91460716724395751953125,0.911403238773345947265625,0.90814316272735595703125,0.904827058315277099609375,0.901455104351043701171875,0.898027598857879638671875,0.8945446014404296875,0.891006529331207275390625,0.887413442134857177734375,0.883765637874603271484375,0.8800632953643798828125},{1,0.99996268749237060546875,0.999850749969482421875,0.999664127826690673828125,0.999402940273284912109375,0.99906718730926513671875,0.998656809329986572265625,0.99817192554473876953125,0.997612476348876953125,0.99697864055633544921875,0.996270358562469482421875,0.995487749576568603515625,0.9946308135986328125,0.99369966983795166015625,0.992694318294525146484375,0.991614878177642822265625,0.990461409091949462890625,0.989234030246734619140625,0.987932860851287841796875,0.986557900905609130859375,0.9851093292236328125,0.983587205410003662109375,0.981991708278656005859375,0.980322897434234619140625,0.978580892086029052734375,0.9767658710479736328125,0.97487795352935791015625,0.972917258739471435546875,0.97088396549224853515625,0.968778192996978759765625,0.966600120067596435546875,0.96434986591339111328125,0.96202766895294189453125,0.959633648395538330078125,0.957168042659759521484375,0.95463097095489501953125,0.952022612094879150390625,0.949343204498291015625,0.946592986583709716796875,0.9437720775604248046875,0.94088077545166015625,0.937919199466705322265625,0.9348876476287841796875,0.9317862987518310546875,0.928615391254425048828125,0.925375163555145263671875,0.922065913677215576171875,0.9186878204345703125,0.915241181850433349609375,0.911726176738739013671875,0.90814316272735595703125,0.90449237823486328125,0.900774061679840087890625,0.89698851108551025390625,0.893135964870452880859375,0.889216840267181396484375,0.885231316089630126953125,0.88117969036102294921875,0.877062320709228515625,0.872879505157470703125,0.86863148212432861328125,0.864318668842315673828125,0.859941303730010986328125,0.85549986362457275390625},{1,0.999955594539642333984375,0.9998223781585693359375,0.99960029125213623046875,0.999289453029632568359375,0.998889863491058349609375,0.99840152263641357421875,0.99782454967498779296875,0.99715888500213623046875,0.996404707431793212890625,0.99556195735931396484375,0.9946308135986328125,0.99361133575439453125,0.99250352382659912109375,0.99130761623382568359375,0.990023672580718994140625,0.988651752471923828125,0.98719203472137451171875,0.9856445789337158203125,0.98400962352752685546875,0.982287228107452392578125,0.980477631092071533203125,0.978580892086029052734375,0.976597249507904052734375,0.974526882171630859375,0.9723699092864990234375,0.970126628875732421875,0.967797100543975830078125,0.965381622314453125,0.962880432605743408203125,0.960293710231781005859375,0.957621634006500244140625,0.954864561557769775390625,0.952022612094879150390625,0.949096143245697021484375,0.94608533382415771484375,0.9429905414581298828125,0.9398119449615478515625,0.9365499019622802734375,0.93320465087890625,0.929776489734649658203125,0.926265776157379150390625,0.922672748565673828125,0.91899776458740234375,0.915241181850433349609375,0.911403238773345947265625,0.90748441219329833984375,0.90348494052886962890625,0.8994052410125732421875,0.89524567127227783203125,0.891006529331207275390625,0.886688292026519775390625,0.882291257381439208984375,0.87781584262847900390625,0.873262465000152587890625,0.86863148212432861328125,0.863923370838165283203125,0.85913860797882080078125,0.854277431964874267578125,0.8493404388427734375,0.8443279266357421875,0.839240491390228271484375,0.83407843112945556640625,0.828842341899871826171875},{1,0.99994790554046630859375,0.99979150295257568359375,0.99953091144561767578125,0.99916613101959228515625,0.99869716167449951171875,0.99812412261962890625,0.99744701385498046875,0.99666595458984375,0.99578094482421875,0.994792163372039794921875,0.99369966983795166015625,0.99250352382659912109375,0.991203963756561279296875,0.989801108837127685546875,0.988295018672943115234375,0.986685931682586669921875,0.984973967075347900390625,0.983159363269805908203125,0.981242239475250244140625,0.979222834110260009765625,0.97710132598876953125,0.97487795352935791015625,0.972552955150604248046875,0.970126569271087646484375,0.967599093914031982421875,0.96497070789337158203125,0.96224176883697509765625,0.95941245555877685546875,0.956483185291290283203125,0.953454196453094482421875,0.950325787067413330078125,0.947098314762115478515625,0.9437720775604248046875,0.940347492694854736328125,0.93682491779327392578125,0.93320465087890625,0.929487049579620361328125,0.92567265033721923828125,0.921761691570281982421875,0.917754650115966796875,0.913651883602142333984375,0.909453928470611572265625,0.9051611423492431640625,0.900774061679840087890625,0.89629304409027099609375,0.891718566417694091796875,0.887051105499267578125,0.88229119777679443359375,0.87743937969207763671875,0.87249600887298583984375,0.867461681365966796875,0.862336933612823486328125,0.857122361660003662109375,0.851818382740020751953125,0.846425592899322509765625,0.840944588184356689453125,0.83537590503692626953125,0.829720079898834228515625,0.823977887630462646484375,0.81814968585968017578125,0.812236249446868896484375,0.806238114833831787109375,0.80015599727630615234375},{1,0.99993956089019775390625,0.999758183956146240234375,0.999455988407135009765625,0.999032914638519287109375,0.998489081859588623046875,0.99782454967498779296875,0.997039318084716796875,0.996133625507354736328125,0.9951074123382568359375,0.99396097660064697265625,0.992694318294525146484375,0.99130761623382568359375,0.989801108837127685546875,0.988174915313720703125,0.986429274082183837890625,0.984564304351806640625,0.982580363750457763671875,0.980477631092071533203125,0.97825634479522705078125,0.97591674327850341796875,0.973459184169769287109375,0.97088396549224853515625,0.968191325664520263671875,0.965381622314453125,0.962455213069915771484375,0.95941245555877685546875,0.956253707408905029296875,0.9529793262481689453125,0.94958972930908203125,0.94608533382415771484375,0.942466557025909423828125,0.938733875751495361328125,0.9348876476287841796875,0.930928409099578857421875,0.926856577396392822265625,0.922672748565673828125,0.918377339839935302734375,0.913970887660980224609375,0.909453928470611572265625,0.904827058315277099609375,0.900090754032135009765625,0.89524567127227783203125,0.89029228687286376953125,0.885231316089630126953125,0.8800632953643798828125,0.87478888034820556640625,0.86940872669219970703125,0.863923370838165283203125,0.858333647251129150390625,0.8526401519775390625,0.84684360027313232421875,0.840944588184356689453125,0.83494389057159423828125,0.828842341899871826171875,0.82264053821563720703125,0.816339194774627685546875,0.80993926525115966796875,0.803441345691680908203125,0.796846330165863037109375,0.790154993534088134765625,0.783368051052093505859375,0.77648651599884033203125,0.769511044025421142578125},{1,0.9999306201934814453125,0.999722421169281005859375,0.999375522136688232421875,0.998889863491058349609375,0.99826562404632568359375,0.997502803802490234375,0.996601521968841552734375,0.99556195735931396484375,0.994384229183197021484375,0.9930684566497802734375,0.991614878177642822265625,0.990023672580718994140625,0.988295018672943115234375,0.986429274082183837890625,0.984426558017730712890625,0.982287228107452392578125,0.98001158237457275390625,0.977599918842315673828125,0.9750525951385498046875,0.9723699092864990234375,0.9695522785186767578125,0.966600120067596435546875,0.96351373195648193359375,0.960293710231781005859375,0.956940352916717529296875,0.953454196453094482421875,0.94983565807342529296875,0.94608533382415771484375,0.9422037601470947265625,0.938191354274749755859375,0.934048712253570556640625,0.929776489734649658203125,0.9253752231597900390625,0.920845448970794677734375,0.916187942028045654296875,0.911403238773345947265625,0.90649211406707763671875,0.901455104351043701171875,0.89629304409027099609375,0.891006529331207275390625,0.88559639453887939453125,0.8800632953643798828125,0.874408066272735595703125,0.86863148212432861328125,0.862734377384185791015625,0.856717526912689208984375,0.85058176517486572265625,0.8443279266357421875,0.837956905364990234375,0.831469595432281494140625,0.82486689090728759765625,0.81814968585968017578125,0.81131899356842041015625,0.80437564849853515625,0.797320663928985595703125,0.79015505313873291015625,0.78287971019744873046875,0.7754957675933837890625,0.768004119396209716796875,0.760405957698822021484375,0.752702236175537109375,0.7448940277099609375,0.73698246479034423828125},{1,0.999921023845672607421875,0.99968421459197998046875,0.999289453029632568359375,0.99873697757720947265625,0.99802672863006591796875,0.99715888500213623046875,0.996133625507354736328125,0.9949510097503662109375,0.99361133575439453125,0.992114722728729248046875,0.990461409091949462890625,0.988651752471923828125,0.986685931682586669921875,0.984564304351806640625,0.982287228107452392578125,0.979855060577392578125,0.97726809978485107421875,0.974526882171630859375,0.971631705760955810546875,0.968583166599273681640625,0.965381622314453125,0.96202766895294189453125,0.958521783351898193359375,0.954864561557769775390625,0.951056540012359619140625,0.947098314762115478515625,0.9429905414581298828125,0.938733875751495361328125,0.934328973293304443359375,0.929776489734649658203125,0.9250771999359130859375,0.92023181915283203125,0.915241181850433349609375,0.9101059436798095703125,0.904827058315277099609375,0.8994052410125732421875,0.893841445446014404296875,0.888136446475982666015625,0.88229119777679443359375,0.87630665302276611328125,0.870183765888214111328125,0.863923370838165283203125,0.85752665996551513671875,0.85099446773529052734375,0.8443279266357421875,0.837528049945831298828125,0.830595910549163818359375,0.823532581329345703125,0.816339194774627685546875,0.809017002582550048828125,0.80156695842742919921875,0.7939903736114501953125,0.786288440227508544921875,0.77846229076385498046875,0.770513236522674560546875,0.76244246959686279296875,0.75425136089324951171875,0.745941162109375,0.737513065338134765625,0.72896862030029296875,0.7203090190887451171875,0.7115356922149658203125,0.70264995098114013671875},{1,0.999910891056060791015625,0.999643504619598388671875,0.999197900295257568359375,0.998574197292327880859375,0.9977724552154541015625,0.996792852878570556640625,0.995635569095611572265625,0.994300782680511474609375,0.992788732051849365234375,0.991099774837493896484375,0.989234030246734619140625,0.98719203472137451171875,0.984973967075347900390625,0.982580363750457763671875,0.98001158237457275390625,0.97726809978485107421875,0.974350452423095703125,0.971259057521820068359375,0.967994511127471923828125,0.9645574092864990234375,0.960948407649993896484375,0.957168042659759521484375,0.953217029571533203125,0.949096143245697021484375,0.944806039333343505859375,0.940347492694854736328125,0.935721337795257568359375,0.930928409099578857421875,0.92596948146820068359375,0.920845448970794677734375,0.915557324886322021484375,0.9101059436798095703125,0.90449237823486328125,0.89871752262115478515625,0.8927824497222900390625,0.886688232421875,0.880435943603515625,0.874026715755462646484375,0.867461681365966796875,0.860742032527923583984375,0.853868901729583740234375,0.84684360027313232421875,0.83966720104217529296875,0.832341253757476806640625,0.82486689090728759765625,0.8172454833984375,0.80947840213775634765625,0.80156695842742919921875,0.79351270198822021484375,0.785316884517669677734375,0.7769811153411865234375,0.76850688457489013671875,0.759895622730255126953125,0.751148879528045654296875,0.7422683238983154296875,0.733255326747894287109375,0.72411167621612548828125,0.71483886241912841796875,0.705438673496246337890625,0.695912778377532958984375,0.68626272678375244140625,0.67649042606353759765625,0.66659748554229736328125},{1,0.999900043010711669921875,0.99960029125213623046875,0.999100744724273681640625,0.99840152263641357421875,0.997502803802490234375,0.996404707431793212890625,0.9951074123382568359375,0.99361133575439453125,0.991916596889495849609375,0.990023672580718994140625,0.987932860851287841796875,0.9856445789337158203125,0.983159363269805908203125,0.980477631092071533203125,0.977599918842315673828125,0.974526882171630859375,0.971259057521820068359375,0.967797100543975830078125,0.96414172649383544921875,0.960293710231781005859375,0.956253707408905029296875,0.952022612094879150390625,0.947601258754730224609375,0.9429905414581298828125,0.938191354274749755859375,0.93320465087890625,0.928031444549560546875,0.922672748565673828125,0.91712963581085205078125,0.911403238773345947265625,0.905494749546051025390625,0.8994052410125732421875,0.89313602447509765625,0.886688292026519775390625,0.8800632953643798828125,0.873262465000152587890625,0.866287052631378173828125,0.85913860797882080078125,0.851818382740020751953125,0.8443279266357421875,0.8366687297821044921875,0.828842341899871826171875,0.82085025310516357421875,0.81269419193267822265625,0.80437564849853515625,0.795896351337432861328125,0.78725802898406982421875,0.778462350368499755859375,0.769511044025421142578125,0.760405957698822021484375,0.751148879528045654296875,0.74174177646636962890625,0.732186377048492431640625,0.722484588623046875,0.71263849735260009765625,0.70264995098114013671875,0.69252097606658935546875,0.6822535991668701171875,0.67184984683990478515625,0.661311805248260498046875,0.6506416797637939453125,0.639841496944427490234375,0.628913342952728271484375},{1,0.9998886585235595703125,0.999554693698883056640625,0.998998105525970458984375,0.998219072818756103515625,0.99721777439117431640625,0.995994389057159423828125,0.994549214839935302734375,0.99288260936737060546875,0.990994870662689208984375,0.98888647556304931640625,0.986557900905609130859375,0.98400962352752685546875,0.981242239475250244140625,0.97825634479522705078125,0.9750525951385498046875,0.971631705760955810546875,0.967994511127471923828125,0.96414172649383544921875,0.960074245929718017578125,0.95579302310943603515625,0.9512989521026611328125,0.946592986583709716796875,0.941676318645477294921875,0.9365499019622802734375,0.93121492862701416015625,0.92567265033721923828125,0.919924199581146240234375,0.913970887660980224609375,0.907814085483551025390625,0.901455104351043701171875,0.89489543437957763671875,0.888136446475982666015625,0.88117969036102294921875,0.874026775360107421875,0.866679131984710693359375,0.85913860797882080078125,0.85140669345855712890625,0.843485176563262939453125,0.83537590503692626953125,0.827080547809600830078125,0.818601071834564208984375,0.80993926525115966796875,0.8010971546173095703125,0.792076587677001953125,0.78287971019744873046875,0.773508489131927490234375,0.763964951038360595703125,0.75425136089324951171875,0.744369804859161376953125,0.734322488307952880859375,0.72411167621612548828125,0.7137396335601806640625,0.70320856571197509765625,0.69252097606658935546875,0.68167912960052490234375,0.6706855297088623046875,0.659542620182037353515625,0.648252785205841064453125,0.6368186473846435546875,0.625242650508880615234375,0.613527476787567138671875,0.60167562961578369140625,0.589689791202545166015625},{1,0.99987661838531494140625,0.999506533145904541015625,0.998889863491058349609375,0.99802672863006591796875,0.996917307376861572265625,0.99556195735931396484375,0.99396097660064697265625,0.992114722728729248046875,0.990023672580718994140625,0.987688362598419189453125,0.9851093292236328125,0.982287228107452392578125,0.979222834110260009765625,0.97591674327850341796875,0.9723699092864990234375,0.968583166599273681640625,0.9645574092864990234375,0.960293710231781005859375,0.95579302310943603515625,0.951056540012359619140625,0.94608533382415771484375,0.94088077545166015625,0.93544399738311767578125,0.929776489734649658203125,0.92387950420379638671875,0.917754590511322021484375,0.911403238773345947265625,0.904827058315277099609375,0.898027598857879638671875,0.891006529331207275390625,0.883765637874603271484375,0.87630665302276611328125,0.86863148212432861328125,0.860742032527923583984375,0.8526401519775390625,0.8443279266357421875,0.835807383060455322265625,0.827080547809600830078125,0.81814968585968017578125,0.809017002582550048828125,0.799684584140777587890625,0.790154993534088134765625,0.780430376529693603515625,0.770513236522674560546875,0.760405957698822021484375,0.750111043453216552734375,0.739631116390228271484375,0.728968560695648193359375,0.718126237392425537109375,0.707106769084930419921875,0.695912778377532958984375,0.68454706668853759765625,0.6730124950408935546875,0.661311805248260498046875,0.64944803714752197265625,0.637423932552337646484375,0.625242650508880615234375,0.61290705204010009765625,0.600420176982879638671875,0.587785243988037109375,0.575005233287811279296875,0.56208336353302001953125,0.54902279376983642578125},{1,0.99986398220062255859375,0.999455988407135009765625,0.998776137828826904296875,0.99782454967498779296875,0.996601521968841552734375,0.9951074123382568359375,0.9933426380157470703125,0.99130761623382568359375,0.9890029430389404296875,0.986429274082183837890625,0.983587205410003662109375,0.980477631092071533203125,0.97710132598876953125,0.973459184169769287109375,0.9695522785186767578125,0.965381622314453125,0.960948407649993896484375,0.956253707408905029296875,0.951298892498016357421875,0.94608533382415771484375,0.9406144618988037109375,0.9348876476287841796875,0.928906500339508056640625,0.922672748565673828125,0.916187942028045654296875,0.909453928470611572265625,0.90247249603271484375,0.89524567127227783203125,0.887775242328643798828125,0.8800632953643798828125,0.872111976146697998046875,0.863923370838165283203125,0.85549986362457275390625,0.84684360027313232421875,0.837956905364990234375,0.828842341899871826171875,0.81950223445892333984375,0.80993926525115966796875,0.800155937671661376953125,0.790154993534088134765625,0.77993905544281005859375,0.769511044025421142578125,0.75887358188629150390625,0.748029768466949462890625,0.73698246479034423828125,0.725734651088714599609375,0.7142894268035888671875,0.70264995098114013671875,0.690819323062896728515625,0.67880070209503173828125,0.66659748554229736328125,0.654212892055511474609375,0.6416504383087158203125,0.62891328334808349609375,0.6160051822662353515625,0.602929532527923583984375,0.589689791202545166015625,0.576289653778076171875,0.562732696533203125,0.54902279376983642578125,0.535163462162017822265625,0.521158516407012939453125,0.507011890411376953125},{1,0.999850749969482421875,0.999402940273284912109375,0.998656809329986572265625,0.997612476348876953125,0.996270358562469482421875,0.9946308135986328125,0.992694318294525146484375,0.990461409091949462890625,0.987932860851287841796875,0.9851093292236328125,0.981991708278656005859375,0.978580892086029052734375,0.97487795352935791015625,0.97088396549224853515625,0.966600120067596435546875,0.96202766895294189453125,0.957168042659759521484375,0.952022612094879150390625,0.946592986583709716796875,0.94088077545166015625,0.9348876476287841796875,0.928615391254425048828125,0.922065913677215576171875,0.915241181850433349609375,0.90814316272735595703125,0.900774061679840087890625,0.893135964870452880859375,0.885231316089630126953125,0.877062320709228515625,0.86863148212432861328125,0.859941303730010986328125,0.85099446773529052734375,0.841793537139892578125,0.832341253757476806640625,0.822640478610992431640625,0.812694132328033447265625,0.8025051355361